10275.rar 4 964 246
10416.rar 5 685 153
11436.rar 24 854 915
12336.rar 48 578 893
12564.rar 7 285 992
12585.rar 15 098 196
13027.rar 23 846 247
14045.rar 11 172 397
14182.rar 12 867 761
14311.rar 113 668 564
14608.rar 69 721 035
15318.rar 21 804 973
15426.rar 14 058 897
15575.rar 33 363 610
15642.rar 14 375 970
15817.rar 7 577 731
15841.rar 47 050 542
15899.rar 10 563 826
15919.rar 13 859 477
16056.rar 16 323 060
16353.rar 20 064 494
16358.rar 9 550 857
16789.rar 11 752 508
17137.rar 10 405 762
17207.rar 1 626 797
17253.rar 1 921 259
8744.rar 11 589 756