           1 1 0 0 0 0 0 1 1 0 0
       0 1 0 0 0 0 0 1 0 1 1 1 0 1 0
     0 1 0 0 1 0 1 1 0 0 0 1 1 1 1 0 0
   0 1 1 0 0 0 1 0 1 0 0 1 0 1 1 1 1 1 0
   1 1 0 0 0 1 1 1 1 0 1 0 1 0 1 0 0 1 1
   0 0 0 1 0 1 0 1 1 1 0 1 0 1 0 1 1 1 0
   1 1 0 0 0 1 1 1 1 0 1 0 1 0 1 0 0 1 1
   0 0 0 1 0 1 0 1 1 1 0 1 0 1 0 1 1 1 0
   1 1 0 0 0 1 0 1 1 0 0 1 0 1 0 0 0 1 1
   1 1 0           1 0 1           0 0 1
   1 1 0           1 0 1           0 0 1
     1 0           0 0 0           0 1
     1 0         1 0 0 0 1         0 1
     1 0 0 1 0 0 0 0   0 0 0 0 1 1 1 0
     1 0 0 1 0 0 0       0 0 0 1 1 1 0
       0 0 0 1 1 0   1   0 1 1 0 1 0
           1 1 1 1 0 0 0 0 1 1 1
           1 1 1 1 0 0 0 0 1 1 1
             1 0 0 1 1 0 0 1 1


__________________________________________
\\########################################/:
 \\######################################/:
  \\##### Skot.9  XV1 - Antithesis #####/:
   \\##################################/:
    \\################################/:
     \\##############################/:
 _____\\############################/:____
/      \\                          /:     \\
|                                        |:
|         my own noise,,,                |:
|         2007 six song ep               |:
|         industrial electronic          |:
|         320kbps VBR 44KHz MP3          |:
|      1 depths.                         |:
|      2 Deoxyribonucleic Breakdown      |:
|      3 deconstruct                     |:
|      4 Tormentia                       |:
|      5 Recoil                          |:
|      6 Womb                            |:
\\________________________________________/:
 :::::::::::::::::::::::::::::::::::::::::