Jönssonligan.Går.På.Djupet-ZoNE

IMAGEFIL: ISO
STORLEK:  302mb


000000000000000000                  000000000000       0000000   00000000000000
000000000000000000       0000       0000000000000      0000000   00000000000000
000000000000000000      000000      00000000000000     0000000   00000000000000
        000000000      000  000     0000000 0000000    0000000   0000000
       000000000      000    000    0000000  0000000   0000000   0000000
      000000000      000      000   0000000   0000000  0000000   0000000
     000000000      000        000  0000000    0000000 0000000   00000000000000
    000000000       000        000  0000000     00000000000000   00000000000000
   000000000        000        000  0000000      0000000000000   00000000000000
  000000000         000        000  0000000       000000000000   0000000
 000000000          000       0000  0000000        00000000000   0000000 
000000000	            000      000   0000000         0000000000   0000000
000000000000000000   000     000    0000000          000000000   00000000000000
000000000000000000    000000000     0000000           00000000   00000000000000
000000000000000000     0000000      0000000            0000000   00000000000000



Läs nfo filen, allt står där som du vill veta.
