

                         0000000000000000000000000000000000000  
                         0En film man kan lära sig korttrick!0
                         0000000000000000000000000000000000000
                          00000000000000000000000000000000000
                           000000000000000000000000000000000
                            0000000000000000000000000000000
                             00000000000000000000000000000
                              000000000000000000000000000
                               0000000000000000000000000
                                00000000000000000000000
                                 000000000000000000000
                                  0000000000000000000
                                   00000000000000000
                                    000000cunt00000
                                     0000000000000
                                      00000000000
                                       000000000
                                        0000000
                                         00000
                                          000
                                           0