         1 1 0 0 0 0 0 1 1 0 0
     0 1 0 0 0 0 0 1 0 1 1 1 0 1 0
   0 1 0 0 1 0 1 1 0 0 0 1 1 1 1 0 0
 0 1 1 0 0 0 1 0 1 0 0 1 0 1 1 1 1 1 0
 1 1 0 0 0 1 1 1 1 0 1 0 1 0 1 0 0 1 1
 0 0 0 1 0 1 0 1 1 1 0 1 0 1 0 1 1 1 0
 1 1 0 0 0 1 1 1 1 0 1 0 1 0 1 0 0 1 1
 0 0 0 1 0 1 0 1 1 1 0 1 0 1 0 1 1 1 0
 1 1 0 0 0 1 0 1 1 0 0 1 0 1 0 0 0 1 1
 1 1 0           1 0 1           0 0 1
 1 1 0           1 0 1           0 0 1
   1 0           0 0 0           0 1
   1 0         1 0 0 0 1         0 1
   1 0 0 1 0 0 0 0   0 0 0 0 1 1 1 0
   1 0 0 1 0 0 0       0 0 0 1 1 1 0
     0 0 0 1 1 0   1   0 1 1 0 1 0
         1 1 1 1 0 0 0 0 1 1 1
         1 1 1 1 0 0 0 0 1 1 1
           1 0 0 1 1 0 0 1 1


__________________________________________
\########################################/:
 \######################################/:
  \##### Skot.9 XV1 - 2002 Demons #####/:
   \##################################/:
    \################################/:
     \##############################/:
 _____\############################/:____
/      \                          /:     \
|                                        |:
|         my own noise,,,                |:
|         demo tracks from 2002.         |:
|         320kbps VBR 44KHz MP3          |:
|         industrial metal noise         |:
\________________________________________/:
 :::::::::::::::::::::::::::::::::::::::::