
           1 1 0 0 0 0 0 1 1 0 0
       0 1 0 0 0 0 0 1 0 1 1 1 0 1 0
     0 1 0 0 1 0 1 1 0 0 0 1 1 1 1 0 0
   0 1 1 0 0 0 1 0 1 0 0 1 0 1 1 1 1 1 0
   1 1 0 0 0 1 1 1 1 0 1 0 1 0 1 0 0 1 1
   0 0 0 1 0 1 0 1 1 1 0 1 0 1 0 1 1 1 0
   1 1 0 0 0 1 1 1 1 0 1 0 1 0 1 0 0 1 1
   0 0 0 1 0 1 0 1 1 1 0 1 0 1 0 1 1 1 0
   1 1 0 0 0 1 0 1 1 0 0 1 0 1 0 0 0 1 1
   1 1 0           1 0 1           0 0 1
   1 1 0           1 0 1           0 0 1
     1 0           0 0 0           0 1
     1 0         1 0 0 0 1         0 1
     1 0 0 1 0 0 0 0   0 0 0 0 1 1 1 0
     1 0 0 1 0 0 0       0 0 0 1 1 1 0
       0 0 0 1 1 0   1   0 1 1 0 1 0
           1 1 1 1 0 0 0 0 1 1 1
           1 1 1 1 0 0 0 0 1 1 1
             1 0 0 1 1 0 0 1 1


__________________________________________
########################################/:
 ######################################/:
  ##### Skot.9 XV1 - Blood Rites #####/:
   ##################################/:
    ################################/:
     ##############################/:
 _____############################/:____
/                                /:     
|                                        |:
|         my own noise,,,                |:
|         2003 experiment                |:
|         electronic anti-rave           |:
|         320kbps VBR 44KHz MP3          |:
|      1 An Ascent To War                |:
|      2 Norden Krieg                    |:
|      3 Diabolic Crescendo              |:
|           (Blood Sacrifice To Lilith)  |:
|      4 Descent II (Deeper Still)       |:
|      5 gRaverX                         |:
|      6 Opus Opiatus                    |:
|      7 Psycholatry                     |:
|      8 Schattengeist                   |:
|      9 Spanky (D)Evolved               |:
|     10 Death Derivative                |:
________________________________________/:
 :::::::::::::::::::::::::::::::::::::::::